# CARRIER
MASS MUTUAL
# DENTAL FOR LIFE + EMPLOYEE
1.50
# DENTAL FOR DEPENDENT
1.75
#AGE MALE    FEMALE  LIFE/MALE LIFE/FEMALE WDI/MALE WDI/FEMALE DEPENDENT
 0   1.00    1.20     4.10      3.20        3.60     7.60      1.30     
30   2.00    2.20     4.40      3.40        4.20     7.70      2.30     
35   3.00    3.20     5.20      3.90        4.90     7.80      3.30     
40   4.00    4.20     6.90      4.90        5.90     8.80      4.40     
45   5.00    5.20     9.60      6.50        7.20    10.80      5.40     
50   6.00    6.20    14.20      9.30        8.50    12.60      6.40     
55   7.00    7.20    21.10     13.40       10.70    16.00      7.40     
60   8.00    8.20    30.70     19.10       13.70    20.40      8.40     
65   9.00    9.20    45.80     28.20       17.90    26.70      9.40     
